01  绿毛虫     1   62   66   90  0.08  0.40  20   10
02  超音蝠     1   88   90   80  0.08  0.40  20   10
03  穿山鼠     2   97  117  106  0.08  0.40  20   20
04  小拉达     2   99   89   66  0.08  0.40  20   20
05  波波       3  108   96   92  0.08  0.40  20   30
06  大岩蛇     4  111  195   88  0.08  0.40  20   40
07  胖丁       4  119   63  248  0.08  0.40  20   40
08  喵喵       5  132  106  104  0.08  0.40  20   50
09  杰尼龟     5  140  154  112  0.08  0.40  20   50
10  皮皮       5  144  136  144  0.08  0.40  20   50
11  小火龙     6  163  123  108  0.08  0.40  20   60
12  海星星     6  165  143   90  0.08  0.40  20   60
13  妙蛙种子   7  168  144  126  0.08  0.40  20   70
14  可达鸭     8  181  133  142  0.08  0.40  20   80
15  阿柏怪    10  223  187  174  0.00  0.00  50  200
16  哈克龙    15  268  194  206  0.00  0.00  50  300
17  海刺龙    20  309  207  284  0.00  0.00  50  400
18  双弹瓦斯  25  358  270  274  0.00  0.00  50  500
19  火伊布    30  441  265  304  0.00  0.00  50  800