01  绿毛虫     1   62   66   90  0.08  0.40   20    10
02  独角虫     1   68   64   80  0.08  0.40   20    10
03  超音蝠     1   88   90   80  0.08  0.40   20    10
04  穿山鼠     2   97  117  106  0.08  0.40   30    20
05  小拉达     2   99   89   66  0.08  0.40   30    20
06  地鼠       2  115   89   86  0.08  0.40   30    20
07  波波       3  108   96   92  0.08  0.40   40    30
08  小磁怪     3  142  144   62  0.08  0.40   40    30
09  大岩蛇     4  111  195   88  0.08  0.40   50    40
10  胖丁       4  119   63  248  0.08  0.40   50    40
11  尼多兰     4  121  113  128  0.08  0.40   50    40
12  六尾       4  127  127   94  0.08  0.40   50    40
13  小拳石     4  127  137   98  0.08  0.40   50    40
14  蚊香蝌蚪   4  129  107  106  0.08  0.40   50    40    
15  喵喵       5  132  106  104  0.08  0.40   60    50
16  杰尼龟     5  140  154  112  0.08  0.40   60    50
17  皮皮       5  144  136  144  0.08  0.40   60    50
18  腕力       5  146  108  164  0.08  0.40   60    50
19  臭泥       6  159  125  195  0.08  0.40   70    60
20  小火龙     6  163  123  108  0.08  0.40   70    60
21  海星星     6  165  143   90  0.08  0.40   70    60
22  巴大蝴     6  179  159  150  0.08  0.40   70    60
23  妙蛙种子   7  168  144  126  0.08  0.40   70    70
24  大针蜂     7  186  148  126  0.08  0.40   70    70
25  可达鸭     8  181  133  142  0.08  0.40   90    80
26  臭臭花     8  211  179  162  0.08  0.40   90    80
27  阿柏怪     9  216  184  168  0.00  0.00  100    90
28  鬼斯通     9  228  142  138  0.08  0.40  100    90
29  火爆猴    10  241  177  184  0.08  0.40  110   100
30  双弹瓦斯  15  268  194  206  0.08  0.00  150   150
31  海刺龙    20  309  207  284  0.08  0.00  150   200
32  火焰鸟    30  445  281  354  0.08  0.00  150   300
33  妙蛙花    10  253  137  184  0.08  0.40  150   200
34  哈克龙    15  288  240  214  0.08  0.00  150   400
35  九尾      20  309  251  254  0.08  0.00  150   600 
36  火伊布    25  366  250  274  0.08  0.00  150   800
37  超梦      30  487  289  386  0.08  0.00  150  1000